10.000    0.010198    109.991853
    4106    3890    3991    4017    4047    4001    4080    4037    4037    3969
    3913    3985    3973    3937    3980    4005    3979    3853    3900    4012
    4023    3956    4027    3870    3837    3911    4027    3846    3823    3966
    3810    3943    3863    3942    3872    3763    3841    3812    3894    3749
    3875    3852    3966    3869    3915    4059    3753    3805    3760    3747
    3736    3840    3825    3646    3752    3613    3650    3731    3765    3744
    3781    3626    3656    3689    3645    3706    3700    3701    3664    3632
    3743    3680    3577    3741    3643    3660    3635    3710    3680    3678
    3603    3607    3598    3580    3509    3683    3676    3619    3707    3543
    3590    3563    3483    3509    3595    3555    3616    3569    3410    3616
    3641    3518    3514    3454    3473    3464    3443    3478    3463    3479
    3426    3475    3472    3518    3436    3427    3480    3450    3438    3504
    3377    3507    3411    3356    3376    3401    3332    3423    3471    3306
    3431    3355    3376    3256    3411    3468    3309    3393    3343    3340
    3364    3376    3334    3309    3346    3380    3279    3251    3294    3240
    3400    3285    3313    3343    3342    3283    3336    3325    3271    3316
    3299    3242    3297    3309    3180    3228    3142    3240    3280    3201
    3144    3285    3295    3179    3155    3209    3185    3145    3219    3134
    3237    3160    3190    3194    3105    3250    3185    3128    3124    3132
    3102    3125    3104    3115    3148    3054    3049    3173    3135    3103
    3076    3108    3095    3054    3095    3094    3086    3093    3044    2968
    2994    3140    3142    3117    3174    3164    3196    3164    3002    3047
    2943    3016    3053    3024    3060    3102    3083    3059    3245    3305
    3210    3180    3125    3210    3172    3027    3053    3010    2986    2844
    2968    3040    2919    2990    2811    2892    2877    2879    2735    2929
    2790    2880    2746    2829    2872    2853    2849    2902    2728    2881
    2831    2873    2815    2785    2850    2854    2755    2813    2819    2766
    2833    2809    2751    2745    2804    2734    2743    2751    2773    2758
    2679    2706    2796    2719    2736    2772    2811    2687    2696    2747
    2797    2737    2654    2706    2727    2632    2658    2709    2722    2657
    2698    2635    2655    2749    2596    2671    2594    2641    2630    2681
    2652    2698    2543    2587    2536    2519    2624    2519    2452    2656
    2575    2610    2643    2553    2589    2589    2508    2591    2675    2665
    2565    2474    2556    2592    2466    2493    2591    2551    2486    2421
    2455    2436    2540    2545    2532    2579    2520    2485    2534    2496
    2490    2360    2412    2411    2459    2412    2419    2585    2416    2469
    2519    2430    2403    2463    2442    2420    2415    2402    2347    2359
    2446    2436    2475    2412    2423    2310    2388    2212    2409    2358
    2381    2284    2315    2302    2429    2376    2433    2422    2480    2488
    2381    2402    2327    2386    2380    2391    2284    2322    2378    2424
    2415    2470    2419    2455    2500    2446    2477    2512    2552    2650
    2757    2945    3104    3389    3837    4193    4686    4835    4708    4055
    3644    3451    3027    2633    2426    2268    2248    2241    2163    2189
    2237    2240    2173    2133    2190    2222    2145    2200    2200    2103
    2115    2141    2070    2074    2085    2106    2078    2099    2132    2026
    2066    2083    2176    2148    2081    2072    2061    2072    2019    2008
    2079    2104    2012    2023    2010    2052    2044    1995    2052    1927
    2035    1979    2018    1931    1951    1983    2054    2004    1985    1940
    2063    2017    1939    1944    1943    1880    1992    1940    1924    1910
    1975    1955    2035    1956    1906    1953    1865    1904    1890    1882
    1895    1984    1898    1877    1879    1835    1907    1911    1877    1942
    1946    1990    1772    1792    1855    1871    1867    1816    1898    1913
    1862    1864    1882    1898    1891    1833    1830    1874    1836    1781
    1820    1833    1835    1944    1819    1802    1785    1823    1893    1818
    1858    1834    1853    1835    1815    1877    1868    1844    1868    1984
    2070    1992    2158    2204    2291    2437    2694    2889    3300    3836
    4317    5021    5699    6058    6237    6136    5797    5475    5088    4971
    4713    4575    4517    4566    4212    3825    3362    3148    2794    2500
    2293    2050    1817    1908    1781    1733    1767    1640    1689    1667
    1643    1691    1689    1693    1588    1719    1583    1611    1606    1659
    1620    1619    1592    1562    1576    1550    1549    1593    1580    1549
    1506    1520    1560    1509    1591    1578    1541    1456    1525    1536
    1491    1524    1495    1475    1446    1457    1578    1514    1510    1451
    1488    1491    1558    1544    1469    1530    1510    1467    1446    1460
    1536    1451    1440    1441    1516    1446    1439    1476    1474    1420
    1475    1417    1408    1444    1415    1406    1444    1479    1423    1461
    1446    1425    1414    1400    1349    1453    1384    1433    1397    1418
    1429    1408    1389    1357    1362    1362    1441    1393    1391    1390
    1290    1300    1410    1405    1368    1322    1380    1365    1366    1377
    1400    1271    1416    1332    1317    1292    1278    1356    1302    1324
    1272    1312    1366    1294    1360    1363    1346    1339    1272    1310
    1364    1384    1262    1321    1338    1342    1380    1371    1370    1381
    1445    1384    1425    1437    1379    1404    1426    1421    1414    1361
    1412    1275    1270    1270    1303    1167    1279    1235    1235    1216
    1247    1258    1224    1218    1225    1272    1196    1242    1216    1188
    1210    1207    1231    1189    1285    1191    1247    1166    1213    1229
    1214    1194    1186    1228    1189    1203    1148    1218    1228    1168
    1243    1192    1196    1193    1169    1234    1205    1252    1262    1213
    1237    1164    1190    1167    1233    1181    1158    1211    1143    1252
    1225    1249    1234    1218    1233    1244    1179    1238    1201    1255
    1258    1240    1261    1233    1200    1231    1229    1145    1096    1170
    1168    1116    1143    1127    1133    1095    1174    1105    1109    1133
    1116    1135    1145    1101    1191    1176    1191    1085    1156    1164
    1162    1069    1199    1152    1184    1195    1255    1330    1347    1415
    1532    1588    1613    1625    1526    1453    1372    1332    1268    1175
    1170    1111    1094    1152    1126    1077    1127    1142    1179    1147
    1165    1136    1049    1145    1089    1085    1090    1087    1092    1068
    1024    1053    1093    1118    1071    1101    1079    1065    1017    1083
    1084    1170    1097    1063    1053    1114    1037    1051    1027    1107
    1069    1081    1081    1068    1043    1091    1037    1077    1090    1079
    1112    1146    1071    1101    1097    1113    1108    1083    1107    1111
    1113    1121    1143    1148    1122    1126    1143    1163    1183    1178
    1234    1289    1227    1273    1302    1317    1293    1363    1327    1369
    1319    1367    1398    1445    1523    1535    1670    1823    1933    2180
    2334    2498    2460    2418    2265    2059    2050    2046    1872    1718
    1599    1561    1646    1646    1744    1934    2161    2282    2607    3057
    3551    4315    5650    7425    9490    11872    13394    13581    12173    10634
    9832    9221    8717    7719    6966    6960    7929    9482    11388    14166
    16733    19560    21633    22722    22615    22508    23096    23405    24603    24840
    25253    24796    23750    22782    23440    23667    24691    24727    22972    21127
    18621    16197    14012    12088    10011    8144    6281    4830    3788    3093
    2567    2249    2038    1946    1754    1619    1570    1516    1510    1404
    1355    1304    1340    1278    1295    1249    1221    1220    1182    1123
    1155    1150    1157    1118    1217    1080    1138    1135    1133    1140
    1104    1071    1060    1055    1100    1145    1065    1138    1096    980
    1087    1117    1032    1045    1109    1035    1101    1046    1081    1058
    1055    1017    1039    988    1016    1006    985    978    999    1031
    981    1032    1042    1043    1034    995    975    971    1080    1056
    1050    1038    1024    1119    1135    1159    1237    1330    1446    1529
    1582    1488    1497    1362    1319    1322    1256    1149    1115    1064
    1068    1060    1020    1013    964    998    983    1005    1027    996
    966    1008    1029    1022    1084    1141    1143    1187    1256    1279
    1414    1440    1590    1874    2102    2355    2446    2574    2454    2236
    2192    1972    1821    1667    1438    1324    1180    1087    1037    1044
    954    930    971    925    945    948    942    910    947    923
    887    877    966    881    908    971    899    863    960    949
    943    943    925    915    903    955    884    870    920    872
    951    907    870    909    883    852    921    929    845    879
    906    826    879    865    882    898    891    903    912    922
    911    902    893    929    934    905    932    903    926    1001
    1052    1085    1122    1210    1283    1276    1267    1203    1156    1241
    1300    1361    1426    1452    1662    2040    2562    3277    4187    5386
    6179    6570    5793    4968    4209    3937    3887    3433    2776    2041
    1621    1276    1122    1009    1050    946    940    987    922    957
    893    933    862    892    873    863    876    892    799    856
    854    849    879    884    853    879    860    847    783    863
    825    882    853    838    843    893    788    862    891    873
    839    894    864    883    833    893    858    879    898    875
    833    909    885    855    870    888    891    848    884    914
    920    877    899    941    941    948    936    949    964    991
    1017    1060    1081    1142    1196    1345    1470    1524    1743    2010
    2448    2769    3152    3554    3627    4091    4509    5090    5791    6268
    6441    6246    6165    5989    6346    6235    5870    5275    4760    4558
    4552    4716    5109    5377    6179    6903    7882    8225    8258    8068
    7524    6988    6442    6030    5761    5046    4602    4091    3784    3676
    3830    4178    4462    4812    5288    5718    5876    5983    5592    5056
    4628    4225    3852    3486    3028    2434    2196    1768    1612    1389
    1264    1176    1202    1134    1174    1177    1218    1331    1262    1301
    1337    1308    1240    1175    1149    1070    1039    964    929    869
    866    799    796    794    800    790    744    767    770    722
    739    749    764    766    751    733    765    805    763    734
    767    697    724    731    772    762    743    711    733    763
    781    839    883    887    978    1011    1051    944    1014    961
    972    960    954    972    879    787    841    803    798    773
    760    743    703    749    724    727    646    737    744    710
    719    725    728    783    778    800    827    816    835    808
    778    819    825    792    758    740    748    702    693    731
    717    683    696    730    690    723    689    742    702    729
    689    715    675    658    741    706    705    719    697    677
    674    668    710    695    689    677    712    685    652    698
    726    689    670    692    766    735    718    738    661    734
    726    723    696    744    702    702    729    779    741    781
    785    782    855    831    784    863    952    993    1008    1059
    1255    1297    1516    1703    1936    2022    2219    2389    2257    2240
    2160    2075    1982    1930    1802    1793    1712    1645    1645    1702
    1749    1811    1901    2133    2508    2778    3335    4009    4834    5820
    6520    6665    6363    5472    4643    4162    3952    3894    3516    3022
    2283    1774    1344    1166    1085    957    935    862    818    839
    757    771    840    743    759    748    789    757    729    724
    664    733    769    746    729    714    729    714    769    809
    800    838    824    897    1062    1080    1204    1335    1440    1472
    1644    1796    2041    2314    2627    3137    3429    3685    3876    3780
    3580    3612    3586    3647    3617    3770    3797    3863    3808    3881
    3590    3398    3051    2642    2522    2323    2141    2044    1768    1467
    1206    1103    946    886    834    760    721    748    694    690
    712    634    633    677    624    702    676    623    664    639
    621    615    655    565    633    581    589    573    602    617
    598    589    639    548    587    588    608    574    641    579
    562    625    621    583    589    588    604    621    569    593
    589    576    578    526    551    635    577    599    606    571
    611    583    583    597    604    625    561    600    543    568
    618    615    574    580    611    580    650    612    635    630
    606    614    585    626    617    644    630    630    594    642
    603    610    571    613    597    607    615    593    621    637
    599    600    587    624    639    630    574    603    625    651
    610    586    608    625    642    619    657    640    653    645
    625    655    650    681    684    701    665    678    690    688
    763    744    717    791    742    767    774    755    830    801
    793    798    780    792    895    834    835    877    924    940
    1004    1023    1074    1202    1374    1404    1555    2042    2587    3594
    4919    7053    9727    12814    15572    16727    15444    12489    9958    9019
    8612    9223    9211    8017    6323    4493    3088    2277    1714    1494
    1280    1202    1147    1088    1067    1074    1053    1067    1129    1176
    1301    1615    1862    2435    3286    4259    5695    7238    8465    8527
    7641    6087    4895    4516    4397    4855    4807    4092    3166    2305
    1624    1217    1066    880    882    890    746    729    718    721
    691    728    699    667    668    658    676    600    602    642
    594    656    631    616    644    603    676    655    680    702
    726    724    805    889    1024    1279    1460    1678    1891    2003
    1921    1883    1821    1823    1709    1865    2054    2049    2279    2445
    2357    2196    1988    1738    1510    1415    1446    1415    1329    1235
    1078    902    853    736    716    664    648    624    661    628
    667    675    733    736    799    989    1131    1198    1246    1108
    1055    947    885    883    862    919    876    793    748    681
    581    614    556    549    494    523    537    560    501    536
    499    544    510    511    520    507    482    540    491    517
    494    541    553    524    521    554    561    559    645    651
    713    711    788    775    756    747    646    683    661    596
    618    673    603    567    637    560    546    576    512    569
    518    507    497    495    510    544    516    493    533    483
    514    524    559    549    518    537    476    532    550    595
    554    603    622    661    706    671    753    870    820    785
    832    813    758    719    727    707    659    630    607    607
    619    574    541    520    531    497    528    524    484    521
    525    489    511    538    573    545    560    551    576    567
    546    582    574    592    600    568    658    674    741    805
    818    936    1067    1154    1322    1379    1564    1625    1787    1915
    2039    2164    2212    2218    2147    1962    1907    1670    1624    1630
    1635    1553    1437    1321    1144    1129    1164    1082    1102    1145
    1024    973    839    850    827    861    844    843    792    828
    777    739    720    669    601    610    631    557    599    626
    591    558    521    596    530    543    529    563    523    545
    557    518    537    525    501    515    538    565    546    566
    533    634    594    626    665    785    881    928    1069    1010
    1025    1041    980    920    884    873    976    892    905    861
    863    833    872    961    1013    1192    1256    1541    1704    1871
    2080    2182    2256    2046    1979    1793    1747    1753    1685    1646
    1602    1503    1455    1283    1162    1115    1159    1132    1159    1203
    1284    1336    1361    1328    1335    1311    1202    1110    1122    1114
    1020    1026    1010    992    966    847    952    991    1135    1340
    1655    2034    2501    3338    4089    4502    4874    5096    5068    5164
    5063    4980    4746    4411    3880    3540    3240    2959    2674    2440
    2125    1702    1504    1265    1064    999    881    869    838    791
    764    773    694    700    689    674    643    658    589    562
    538    532    572    514    548    518    533    516    542    484
    501    461    475    494    469    459    483    494    389    447
    433    418    413    413    411    433    411    403    419    422
    410    439    403    443    402    415    465    473    390    464
    457    434    504    491    518    521    579    603    654    625
    616    636    581    630    586    558    560    577    588    535
    535    479    449    447    443    456    402    437    438    414
    408    417    441    425    419    380    430    457    375    404
    396    391    378    378    409    406    394    410    360    435
    408    393    391    401    378    403    354    410    421    405
    382    433    428    416    390    385    414    414    433    432
    465    402    421    413    404    439    437    433    383    397
    399    444    404    485    443    419    449    412    415    466
    472    425    487    459    469    462    449    480    448    437
    434    452    428    465    428    413    397    444    459    439
    464    427    371    428    447    447    389    422    414    487
    441    421    415    453    432    420    446    477    426    440
    474    446    474    456    477    517    515    504    505    595
    549    575    590    593    578    670    660    753    766    860
    952    1183    1234    1543    1916    2229    2469    2854    2845    2877
    3041    3183    3165    3483    3788    4052    4359    4463    4161    4245
    4258    4327    4860    5445    6423    7322    8286    8349    8361    7892
    7467    6942    6606    6655    6803    7151    7504    7471    7539    7576
    7117    6889    6034    5320    4753    4533    4238    4266    4418    4587
    4608    4583    4776    4911    4991    5030    5004    4583    4018    3552
    3168    3095    3074    2966    2961    2893    2838    2510    2398    2271
    2165    2330    2329    2347    2335    2284    2057    1880    1786    1703
    1536    1473    1468    1458    1308    1244    1100    967    918    881
    830    751    812    860    830    808    811    727    652    625
    645    655    629    613    657    614    594    547    530    504
    514    495    507    505    533    629    718    698    772    867
    930    1015    1023    1028    1021    954    940    897    805    831
    757    745    700    741    662    607    580    525    467    450
    430    447    446    400    422    361    363    347    367    378
    362    401    389    435    414    403    422    380    420    386
    380    396    398    379    390    393    397    363    412    353
    360    410    387    389    408    397    439    395    422    378
    411    406    404    423    386    397    386    387    414    438
    414    407    406    430    428    432    450    404    416    394
    422    441    454    377    446    458    436    479    493    562
    585    587    624    646    712    718    723    811    751    754
    685    755    722    721    731    645    671    631    615    574
    585    582    582    614    585    649    669    753    733    763
    715    722    634    648    596    621    618    624    652    609
    647    616    589    533    539    501    461    440    429    439
    428    448    483    493    466    485    444    528    465    458
    488    410    411    394    442    437    429    417    421    415
    454    401    457    476    474    523    523    532    484    491
    465    448    427    438    409    421    472    407    388    398
    350    298    379    345    313    350    327    312    321    340
    323    310    333    289    295    319    334    308    319    295
    308    328    298    320    287    312    291    299    301    320
    287    291    284    304    297    274    321    280    292    322
    313    290    321    316    289    292    287    305    304    280
    330    303    334    292    314    294    328    305    298    324
    285    336    357    336    325    362    375    393    376    408
    398    401    445    446    436    493    472    526    568    595
    559    592    574    567    525    516    495    463    515    445
    490    465    426    403    402    401    393    364    362    366
    383    391    362    360    363    336    366    322    391    367
    338    351    349    379    344    356    345    369    373    399
    403    397    419    414    380    375    386    410    432    408
    405    426    382    376    340    381    346    382    392    362
    409    431    456    459    379    417    370    394    405    385
    347    392    378    369    350    401    331    357    308    295
    303    277    326    315    290    306    312    296    313    325
    334    322    324    293    278    311    302    307    298    330
    286    293    336    342    330    335    367    317    398    408
    464    445    550    553    590    565    621    584    529    502
    441    461    483    478    449    446    489    393    415    319
    372    366    336    324    319    268    281    287    287    297
    258    299    283    299    246    314    323    291    310    327
    320    306    255    338    281    324    304    326    274    354
    358    415    435    496    594    617    605    694    628    650
    581    511    482    464    488    483    500    519    461    429
    449    408    412    396    394    360    396    384    391    392
    415    494    517    567    574    721    785    914    996    1174
    1114    1124    1082    1032    936    986    914    905    919    920
    991    934    938    926    886    865    869    899    848    844
    753    755    712    696    703    726    768    824    917    1000
    1097    1130    1258    1255    1153    1170    1121    1079    954    849
    850    825    807    788    789    779    700    617    611    513
    447    447    410    393    350    333    336    324    294    344
    337    366    294    290    334    309    303    297    299    320
    305    319    273    324    289    315    326    299    331    262
    354    299    329    292    313    314    312    344    335    335
    347    346    390    361    403    419    438    406    440    426
    401    394    382    364    361    359    390    353    365    362
    375    362    349    323    323    336    361    333    322    320
    309    350    362    346    415    378    396    423    421    429
    445    438    447    443    422    438    490    470    457    446
    540    564    640    733    721    954    1008    1022    1122    1088
    1008    858    797    777    739    726    775    786    806    823
    834    788    709    664    571    542    517    451    505    469
    494    498    514    538    585    589    574    597    590    573
    604    492    528    473    522    502    520    495    503    460
    535    544    505    596    589    659    682    793    939    982
    1053    1114    1129    1131    1012    948    941    899    829    885
    810    805    887    865    794    718    715    679    645    605
    521    507    518    458    447    481    395    484    429    446
    411    396    425    388    380    325    355    379    401    414
    426    472    443    476    467    539    495    517    443    470
    475    434    459    489    476    451    521    501    478    499
    482    435    427    388    359    373    378    354    346    363
    350    338    284    363    321    306    328    294    309    286
    324    304    295    291    308    346    387    351    374    373
    416    437    439    423    434    451    458    487    497    551
    627    648    695    708    666    646    564    574    510    526
    526    533    589    604    666    643    588    538    441    460
    390    384    371    357    402    362    380    357    379    319
    304    336    280    313    290    324    302    279    292    294
    310    351    348    379    422    405    475    473    482    514
    450    552    485    511    482    494    475    462    425    464
    433    416    420    388    395    392    348    358    329    325
    339    320    300    317    331    317    290    286    330    275
    289    262    323    281    311    281    286    281    306    310
    289    279    318    283    264    292    272    282    294    312
    301    294    302    323    289    333    335    291    311    339
    343    331    374    338    298    334    298    264    325    358
    338    342    344    320    301    335    343    301    304    314
    265    300    284    309    294    312    336    339    351    363
    370    359    379    397    378    386    401    344    435    392
    416    360    424    404    458    433    439    480    462    492
    530    554    588    677    914    1049    1289    1641    1985    2315
    2478    2477    2254    2111    1920    1863    1776    2047    2154    2553
    2718    2949    2921    2739    2586    2282    2044    1743    1618    1631
    1529    1592    1597    1640    1647    1628    1556    1694    1819    1984
    2207    2620    3067    3335    3741    3909    3622    3276    2897    2473
    2120    1913    1859    1992    2111    2182    2471    2465    2462    2322
    2212    2122    2141    2273    2403    2643    2700    2925    2923    2923
    2892    2996    3023    3051    3230    3168    3263    3104    3129    2932
    2905    2867    2746    2821    2883    2894    3138    3158    3261    3096
    3016    3028    2804    2582    2529    2428    2468    2424    2481    2395
    2362    2321    2145    2123    2006    1842    1678    1764    1713    1656
    1618    1685    1688    1561    1465    1300    1159    1061    965    900
    851    831    791    754    749    765    780    703    617    621
    590    522    592    565    622    597    626    650    655    718
    672    688    689    718    655    586    586    606    562    563
    566    559    604    550    520    488    511    446    426    404
    373    384    392    374    368    336    306    370    347    349
    360    349    414    388    454    510    561    613    602    704
    675    675    623    589    525    480    465    456    459    459
    480    514    544    527    473    460    423    410    352    388
    387    355    307    342    333    330    334    337    348    339
    334    327    353    371    394    356    388    424    446    504
    500    465    494    494    450    439    447    413    420    398
    451    431    434    435    420    440    418    425    418    419
    394    422    373    428    415    395    405    361    401    353
    480    448    435    435    508    480    469    479    462    477
    439    442    424    373    412    431    467    444    417    409
    447    441    434    477    432    405    459    382    471    451
    448    440    444    435    443    441    465    502    519    578
    613    637    649    671    669    678    618    659    774    785
    934    943    1029    1132    1060    1054    1019    931    970    881
    921    926    894    944    967    912    875    872    790    683
    696    682    661    683    672    655    662    650    719    668
    680    692    713    693    755    762    769    808    806    817
    867    873    906    965    1021    1156    1172    1166    1137    1082
    1067    973    928    879    807    819    798    764    697    744
    750    735    650    656    607    563    536    487    457    459
    385    438    385    396    397    363    419    417    438    377
    443    436    492    466    508    482    455    453    472    422
    435    419    412    402    388    410    451    453    440    422
    470    463    458    453    484    445    472    427    428    369
    391    421    394    384    361    376    397    402    402    369
    381    358    357    339    340    324    304    321    296    297
    294    299    291    271    297    319    291    325    316    333
    298    340    310    346    357    362    370    329    343    357
    333    328    351    323    340    330    334    350    384    335
    341    394    451    441    419    474    430    520    588    520
    549    587    594    567    616    629    571    539    589    578
    550    517    531    498    514    490    529    495    475    443
    474    487    513    526    503    499    499    513    465    497
    498    430    443    430    416    406    455    432    449    452
    460    499    537    540    537    569    617    669    730    840
    876    930    1052    1018    1050    1000    992    952    917    868
    848    849    853    901    940    953    995    1057    1146    1259
    1303    1395    1524    1699    1565    1625    1643    1461    1355    1320
    1188    1231    1157    1149    1153    1193    1213    1198    1237    1109
    1017    868    846    792    732    673    624    571    568    562
    547    476    481    474    448    412    411    392    458    442
    463    453    502    558    615    684    662    654    620    650
    629    576    550    514    526    491    543    492    514    506
    573    559    565    544    550    457    478    422    410    389
    388    403    426    424    442    458    435    427    419    401
    400    436    412    427    419    455    462    466    536    565
    695    742    840    957    1096    1236    1377    1500    1666    1605
    1698    1641    1596    1564    1495    1414    1243    1211    1176    1241
    1173    1139    1134    1158    1138    1096    994    951    959    825
    824    752    710    673    630    588    550    540    488    429
    437    450    454    466    456    433    428    429    467    372
    370    366    369    393    335    351    344    381    371    391
    381    376    449    466    477    504    528    545    621    597
    610    642    602    629    560    585    612    618    644    675
    778    763    830    882    867    926    994    1057    1185    1399
    1530    1801    1842    1989    1964    1853    1778    1634    1504    1374
    1290    1226    1252    1278    1191    1277    1320    1293    1319    1273
    1180    1163    1053    1010    848    778    694    602    612    561
    559    518    472    444    522    508    477    473    477    505
    461    466    448    472    477    459    478    507    480    473
    519    545    591    613    657    708    761    767    777    841
    731    709    712    627    605    556    556    558    588    571
    650    676    635    635    626    584    576    514    532    543
    550    521    506    529    559    516    567    545    523    490
    541    539    507    512    449    441    452    426    456    420
    441    427    396    394    390    410    407    387    398    373
    423    366    387    395    368    358    359    355    317    318
    337    317    278    302    334    313    304    311    291    300
    293    334    316    317    302    307    310    325    290    320
    310    327    302    342    346    348    329    356    364    365
    383    401    434    449    507    549    633    730    781    820
    914    944    1065    1080    1156    1071    1211    1158    1125    1126
    1109    1047    1163    1076    1172    1169    1327    1297    1382    1426
    1460    1513    1428    1505    1488    1430    1415    1356    1386    1441
    1514    1574    1721    1840    2029    2102    2319    2497    2555    2608
    2568    2612    2633    2643    2911    3018    3363    3570    3774    4000
    4111    4275    4247    4097    4008    3825    3711    3586    3247    3144
    3098    3077    2882    2905    2784    2863    2907    2941    2760    2688
    2696    2586    2624    2657    2578    2609    2576    2661    2651    2656
    2782    2722    2843    2944    2928    2779    2752    2519    2487    2410
    2280    2314    2223    2266    2129    2151    2042    2004    1818    1796
    1644    1504    1433    1365    1328    1298    1299    1261    1218    1316
    1323    1352    1359    1349    1413    1336    1356    1258    1261    1185
    1100    965    975    878    851    836    833    805    821    847
    881    923    938    900    788    800    748    770    702    668
    604    537    531    473    476    455    403    424    416    434
    428    422    457    472    477    392    428    424    436    415
    375    367    370    372    390    340    363    365    302    305
    324    341    343    324    335    336    319    333    346    327
    290    327    322    284    276    265    298    279    299    285
    301    285    260    283    308    318    307    329    348    350
    374    357    409    417    404    396    354    359    346    377
    319    325    358    339    303    383    343    359    335    367
    336    342    341    302    339    309    345    315    269    294
    301    299    291    272    266    284    303    315    276    300
    277    249    299    262    299    296    278    305    315    320
    344    351    328    331    386    377    408    385    476    492
    474    502    542    574    557    553    557    529    579    537
    544    588    594    553    549    491    532    554    508    496
    480    509    502    519    487    501    524    544    550    558
    548    575    581    533    494    493    421    445    466    439
    442    423    401    457    418    423    441    434    459    417
    441    410    366    436    371    360    376    305    340    287
    332    318    331    280    336    325    337    334    294    313
    346    356    326    379    393    386    473    496    478    518
    533    551    603    550    460    568    509    541    489    568
    541    539    543    541    600    589    582    546    546    544
    566    498    433    470    445    406    426    420    387    393
    395    381    372    336    352    323    380    342    365    381
    381    363    337    336    321    338    310    290    311    306
    333    280    306    295    314    320    290    289    318    327
    278    345    290    292    318    304    321    316    327    308
    352    332    311    285    312    291    280    309    291    299
    300    282    309    346    379    402    354    434    462    514
    613    705    830    984    1033    1134    1136    1111    1033    907
    806    692    630    566    556    560    536    589    669    672
    713    715    688    648    626    593    554    474    414    374
    384    340    326    332    306    301    286    289    288    300
    303    326    334    336    366    368    403    467    503    487
    512    547    537    499    468    533    571    537    559    627
    618    710    709    760    782    755    688    668    639    587
    561    499    569    553    592    621    733    723    749    896
    892    891    826    806    802    773    724    646    654    630
    598    610    591    579    624    615    581    610    595    584
    587    578    555    552    548    554    480    488    477    442
    395    408    419    362    384    330    322    365    369    339
    366    394    390    394    370    405    406    416    400    439
    473    481    472    447    538    512    475    474    524    532
    518    493    520    550    571    554    582    581    589    570
    526    572    522    550    481    483    458    445    453    475
    429    441    440    437    430    440    425    372    396    363
    361    363    298    307    317    331    305    293    350    309
    325    323    319    309    300    311    319    329    319    319
    354    317    349    340    376    345    360    352    327    358
    365    366    333    345    370    344    398    364    360    389
    400    433    405    438    464    490    518    551    601    582
    649    616    721    769    831    867    937    950    993    994
    955    923    960    938    1016    1034    979    1012    990    967
    960    915    883    845    821    782    717    673    683    659
    662    670    697    663    757    709    727    725    715    767
    766    742    799    790    778    759    760    639    664    615
    587    578    607    623    653    644    730    736    725    738
    820    724    779    698    741    714    679    696    676    674
    647    598    577    562    540    532    495    514    529    526
    548    525    466    488    472    446    499    470    442    432
    426    409    420    383    345    377    350    373    352    351
    362    344    327    334    346    324    291    342    321    328
    285    289    308    316    305    293    276    293    287    300
    290    284    288    273    271    288    276    272    244    222
    253    239    270    270    256    257    250    253    245    224
    239    258    227    271    262    270    266    279    276    268
    273    310    293    270    302    292    287    265    299    265
    272    282    325    306    335    341    342    371    417    444
    480    486    550    549    698    705    836    948    1102    1131
    1214    1274    1245    1203    1160    1117    1029    941    899    924
    836    799    794    812    863    826    879    862    925    914
    927    800    784    815    868    819    860    919    959    992
    1003    1111    1099    1151    1197    1173    1143    1047    946    968
    898    780    797    801    775    813    804    829    915    916
    911    880    942    948    985    924    936    995    1073    1042
    1150    1099    1166    1138    1126    1123    1105    995    1016    961
    936    931    915    865    811    799    808    790    849    748
    790    729    712    746    714    666    650    690    629    634
    634    598    622    543    572    543    539    543    492    450
    432    418    389    420    393    353    351    356    347    386
    355    337    326    347    385    324    304    323    335    330
    324    311    317    310    293    322    310    332    335    335
    358    374    322    321    381    302    351    371    330    362
    365    359    397    383    365    392    377    381    380    399
    364    404    343    402    390    415    410    454    419    412
    404    454    446    451    447    462    447    408    458    435
    407    384    358    356    340    353    367    419    358    370
    363    407    346    392    362    424    348    332    374    343
    376    333    361    336    378    341    382    401    370    410
    405    380    469    409    427    451    463    488    467    426
    457    468    439    503    510    500    516    539    572    587
    597    587    699    660    667    660    680    675    786    710
    750    765    739    791    819    851    906    902    837    907
    903    826    820    827    858    784    828    776    794    767
    774    734    737    817    785    775    768    764    725    703
    708    693    692    633    638    663    592    572    570    593
    540    529    548    532    500    512    495    483    435    430
    429    404    372    369    381    385    341    313    331    326
    320    310    299    300    279    292    322    299    297    282
    259    259    271    251    242    294    254    235    297    230
    231    258    253    270    300    282    297    274    308    279
    323    329    329    332    422    347    355    343    379    401
    385    377    418    390    393    381    381    345    372    332
    330    346    338    332    319    319    340    332    314    359
    362    359    378    383    399    394    410    457    441    432
    519    507    517    498    480    469    426    418    470    449
    502    492    532    513    559    625    689    750    750    799
    890    904    869    872    820    852    794    762    668    685
    651    670    698    713    656    704    712    747    762    854
    853    959    1023    1017    1079    1132    1131    1150    1057    1111
    1070    1022    933    932    952    867    862    809    778    764
    808    771    769    753    743    734    679    694    708    701
    701    637    600    629    603    552    548    470    458    527
    527    476    530    511    586    543    577    603    605    665
    706    667    720    697    693    701    689    698    699    769
    772    775    824    751    762    772    724    714    708    725
    675    683    595    629    606    623    599    635    622    629
    603    581    599    583    615    535    492    470    443    487
    450    411    435    433    390    451    424    397    417    391
    421    421    419    402    435    432    462    466    511    466
    501    545    507    557    565    583    555    587    502    523
    496    537    493    471    450    448    438    485    489    501
    501    514    505    510    536    499    535    517    494    458
    445    451    420    428    425    426    428    425    448    472
    481    485    503    438    500    480    459    433    449    425
    429    391    385    407    379    377    360    389    394    408
    407    414    397    399    397    387    386    403    381    321
    334    321    374    310    291    322    324    324    314    335
    313    322    325    320    338    296    334    317    344    309
    316    312    285    293    276    256    241    304    260    258
    271    264    291    246    281    298    279    304    282    278
    290    268    290    254    245    252    253    250    290    223
    216    232    218    272    256    234    235    246    269    242
    261    252    258    251    266    242    246    237    239    274
    225    262    231    265    249    229    243    263    254    252
    214    249    263    235    248    267    255    240    241    254
    248    249    240    225    222    232    209    203    249    239
    218    226    226    206    229    230    213    203    217    209
    221    202    241    200    206    202    217    218    233    261
    263    241    231    231    250    262    254    251    274    279
    292    262    269    255    270    305    284    321    298    322
    338    324    339    359    386    400    380    409    425    445
    487    466    471    497    533    504    517    614    608    641
    610    664    733    724    785    762    803    811    871    896
    926    984    1041    1051    1095    1063    1054    1031    983    965
    953    830    825    781    800    704    697    750    703    711
    711    717    649    722    738    692    672    632    652    565
    560    552    494    505    498    505    502    474    493    513
    542    514    559    565    612    545    617    575    583    578
    545    578    544    536    474    497    474    516    553    515
    491    540    549    559    549    669    615    621    649    734
    659    760    796    807    770    816    876    815    850    867
    835    822    845    924    907    902    897    904    962    969
    942    1028    975    1016    996    933    910    943    903    896
    977    864    857    790    827    794    731    697    719    724
    684    696    690    660    640    646    610    558    521    536
    501    473    480    442    418    398    399    399    378    354
    320    359    362    352    310    335    317    320    314    305
    323    257    249    273    269    239    258    258    252    268
    260    278    241    286    259    303    316    286    316    336
    276    298    310    311    306    277    278    289    302    277
    259    237    282    261    323    291    289    330    309    314
    310    335    290    351    301    316    340    306    292    286
    283    288    312    311    327    297    281    296    289    308
    299    308    296    288    287    303    305    305    312    328
    338    290    348    340    340    339    298    315    309    300
    278    300    289    301    246    280    277    306    320    359
    357    383    364    397    409    439    413    452    405    393
    422    386    385    375    295    344    280    283    320    283
    287    303    282    265    289    291    287    292    299    296
    306    293    312    280    252    271    269    264    250    235
    244    226    242    228    216    237    244    229    207    237
    232    227    229    203    232    224    239    244    221    212
    233    209    244    217    197    219    238    218    215    259
    230    227    251    231    255    255    273    256    234    240
    211    250    227    250    239    219    230    214    219    241
    237    222    232    258    232    237    235    258    253    233
    238    245    263    237    230    267    265    260    303    265
    294    330    344    369    383    404    415    489    451    487
    539    581    683    674    686    723    848    791    771    710
    728    744    763    751    724    718    733    733    706    755
    771    765    718    746    694    724    721    740    704    677
    695    628    609    632    564    600    620    595    592    544
    544    533    533    480    471    499    467    420    358    390
    395    380    354    354    356    324    338    342    331    304
    312    305    330    323    323    317    348    298    353    365
    356    373    383    434    396    388    422    378    385    376
    346    347    374    316    319    316    356    307    314    328
    364    365    366    344    378    369    379    351    398    408
    409    358    389    351    375    351    381    409    353    389
    383    440    398    393    389    433    423    402    437    450
    445    450    432    434    432    410    445    371    379    418
    408    367    433    417    402    395    407    368    401    411
    393    381    420    412    398    391    396    388    388    369
    400    445    467    416    462    461    432    473    431    453
    430    394    401    385    385    360    354    372    371    322
    335    351    317    333    326    353    328    329    331    357
    349    324    323    319    348    309    318    333    315    315
    321    337    289    286    285    304    323    308    317    290
    321    341    296    275    320    294    283    280    292    288
    290    295    258    304    290    262    302    263    250    294
    282    291    359    301    309    280    321    312    331    308
    316    273    332    307    306    357    385    352    333    335
    333    335    353    354    312    384    390    355    402    389
    388    397    396    393    407    410    405    398    421    364
    401    430    458    432    398    395    447    424    464    425
    443    404    440    435    402    382    393    348    341    350
    377    367    322    362    351    346    334    329    326    314
    361    332    323    330    360    316    338    350    321    286
    313    306    297    255    285    284    282    284    232    258
    257    233    250    267    266    291    290    277    254    264
    265    287    259    286    270    261    274    258    246    280
    247    286    295    272    268    299    306    319    311    318
    372    352    375    349    440    405    390    452    486    461
    519    531    537    521    562    592    528    535    511    561
    559    520    516    518    514    528    558    525    592    625
    600    601    611    658    655    647    622    615    580    589
    540    525    522    452    463    469    477    406    422    465
    430    457    405    463    446    456    418    497    397    443
    401    464    413    429    394    432    440    454    435    511
    463    471    518    524    516    508    545    486    501    531
    482    476    453    462    450    457    499    465    537    466
    489    479    504    567    472    491    519    489    499    483
    426    442    422    409    379    399    406    350    390    380
    406    421    375    377    392    409    418    403    365    369
    385    378    381    365    352    369    336    309    303    328
    366    297    282    277    291    301    278    294    304    314
    280    308    285    290    262    285    259    254    249    259
    283    263    265    265    253    276    246    254    294    265
    268    304    289    310    325    303    287    351    372    381
    405    331    349    356    321    325    311    318    316    327
    294    278    262    282    299    258    290    275    285    349
    323    322    311    281    305    297    336    325    323    323
    324    322    295    335    280    305    268    294    291    283
    269    274    255    229    239    268    275    269    252    248
    232    281    250    230    225    251    229    230    241    242
    231    233    224    214    272    255    252    253    255    286
    314    294    327    316    310    332    287    334    356    309
    330    298    279    249    264    281    272    285    290    284
    253    264    282    272    309    270    266    295    288    263
    291    305    283    277    261    275    251    237    230    281
    249    230    257    261    230    208    248    214    225    247
    219    200    233    230    220    245    246    218    243    236
    198    229    230    207    207    214    225    206    226    211
    186    195    199    193    212    193    248    205    210    215
    191    220    204    203    203    193    180    213    184    194
    194    187    208    187    227    187    216    181    225    183
    192    157    199    227    166    208    195    189    210    209
    203    218    180    210    221    237    218    208    220    220
    233    209    202    227    220    219    233    230    220    230
    211    223    228    242    227    228    241    238    240    259
    269    275    320    315    283    329    333    379    392    390
    418    380    424    431    433    381    433    427    385    325
    317    347    300    293    283    310    311    294    266    289
    287    280    301    336    294    318    298    272    279    302
    286    309    270    288    260    242    248    248    246    243
    230    247    235    249    260    246    240    278    229    228
    233    223    249    254    272    237    246    209    207    211
    236    203    208    213    174    221    208    227    225    221
    235    238    259    209    179    247    242    238    271    253
    284    260    269    251    266    276    262    272    262    257
    294    266    222    246    292    274    235    254    247    266
    227    215    225    262    242    266    243    242    279    246
    251    255    276    283    260    279    310    334    329    331
    362    359    384    333    331    372    342    373    344    338
    383    347    340    311    350    290    316    322    286    311
    308    319    292    286    312    322    336    294    317    317
    328    306    319    288    337    289    294    297    296    313
    303    263    270    247    276    256    238    280    238    249
    252    258    267    246    282    254    241    208    253    239
    232    237    263    245    229    248    271    271    267    281
    237    267    238    286    277    289    291    303    318    353
    287    320    351    305    274    300    280    310    332    298
    303    310    302    288    323    305    260    274    289    296
    294    301    314    299    338    300    320    317    322    273
    310    320    319    305    296    284    283    284    288    282
    291    314    271    266    254    271    288    289    252    280
    315    282    286    265    301    291    287    283    290    306
    286    324    292    287    314    274    259    297    307    317
    295    310    299    294    306    265    319    288    293    268
    306    316    297    321    332    297    337    332    332    323
    327    347    338    333    338    319    354    371    347    359
    372    385    414    398    349    393    381    402    413    436
    422    448    451    434    453    450    460    420    453    467
    454    449    476    431    412    424    432    425    381    377
    355    399    414    411    394    427    376    375    377    405
    401    416    403    415    425    423    439    457    471    463
    449    505    489    501    535    528    459    542    553    603
    584    578    597    611    575    635    529    576    534    468
    517    483    472    496    447    457    408    450    392    437
    393    457    436    448    441    479    463    449    456    469
    428    443    450    400    400    415    380    437    377    373
    344    374    374    395    354    392    351    353    370    360
    348    353    348    347    348    339    357    341    370    374
    339    363    352    368    370    375    376    366    354    343
    374    381    412    367    371    403    423    406    379    405
    425    429    413    477    430    468    455    416    443    410
    408    375    406    401    400    400    399    387    428    444
    437    403    457    445    441    437    447    443    462    423
    469    446    446    449    483    470    476    469    469    482
    432    513    482    516    573    505    514    532    508    507
    518    579    509    502    559    506    531    474    511    481
    461    495    455    430    417    425    396    408    437    408
    383    400    422    401    367    403    403    412    410    389
    412    422    435    400    479    445    409    429    429    441
    411    413    400    424    374    376    390    370    386    376
    362    334    366    352    308    346    354    344    337    362
    333    329    339    379    369    379    354    361    377    360
    391    402    395    368    396    382    386    414    398    401
    399    385    383    364    394    346    332    305    354    351
    356    369    340    351    347    373    397    389    339    387
    352    386    383    389    369    358    334    355    360    320
    338    299    308    315    308    347    343    343    360    353
    363    418    358    407    363    396    363    347    360    352
    337    304    326    323    308    286    306    294    273    306
    283    272    300    292    290    288    288    318    281    296
    297    302    314    296    312    281    328    314    311    315
    276    286    326    291    325    275    296    324    300    323
    299    315    291    325    309    331    329    345    321    331
    345    328    329    344    368    358    336    346    330    345
    327    377    372    298    310    312    357    343    356    355
    354    348    368    366    358    390    374    375    390    406
    396    367    388    422    405    399    374    348    400    420
    362    312    304    337    339    372    344    303    338    307
    329    308    310    340    354    342    367    343    331    357
    332    332    330    344    327    342    319    338    357    329
    337    364    352    366    354    352    357    332    357    394
    368    345    371    355    391    355    382    392    380    375
    430    406    391    393    378    372    455    369    401    374
    405    371    392    363    385    350    365    351    369    338
    346    347    349    301    337    326    345    372    328    349
    300    330    342    351    358    323    331    310    316    346
    356    306    295    350    315    275    299    250    278    324
    266    289    297    251    259    306    301    318    275    286
    303    316    327    359    293    315    292    333    291    274
    274    299    274    293    265    272    298    264    279    265
    276    274    259    246    269    271    317    310    283    269
    305    270    272    282    310    281    312    307    315    345
    324    347    341    335    359    360    374    371    363    362
    375    347    370    401    366    430    416    383    407    386
    377    387    399    411    454    427    436    421    471    425
    425    462    408    457    417    439    406    435    388    402
    403    364    416    428    398    396    348    367    428    386
    372    395    416    409    432    435    417    399    410    429
    372    393    414    362    359    342    359    327    331    325
    336    326    319    297    320    331    308    311    337    321
    316    313    294    370    347    353    353    353    352    411
    395    404    396    399    379    402    387    396    429    397
    437    400    421    360    378    386    394    370    369    398
    406    398    386    374    399    397    389    409    394    479
    445    445    464    426    452    424    427    445    448    468
    457    450    457    526    476    485    526    482    546    479
    473    543    552    500    506    460    500    479    431    475
    442    436    427    427    415    410    420    400    381    379
    416    426    363    407    435    406    455    438    422    457
    461    463    465    477    493    507    501    478    523    448
    484    489    447    418    404    431    393    371    357    387
    326    356    273    328    329    320    359    333    325    326
    326    345    328    315    327    328    323    323    317    317
    306    333    302    295    333    301    278    283    271    264
    267    276    266    284    293    291    301    297    262    313
    304    291    305    286    307    284    316    235    262    271
    313    274    261    244    280    296    290    279    273    283
    308    297    293    320    288    311    296    343    351    318
    331    364    349    300    317    334    331    334    346    338
    355    323    331    331    356    339    346    353    340    404
    396    378    418    408    442    459    474    433    434    436
    442    445    377    394    405    419    386    405    368    386
    322    343    352    336    374    356    329    329    326    340
    324    347    337    364    369    378    395    348    397    336
    367    371    374    352    345    361    385    372    380    399
    375    375    354    405    386    397    394    385    376    389
    398    405    364    416    403    364    372    343    353    353
    339    383    324    330    327    322    320    308    299    299
    292    320    327    292    302    308    299    314    347    292
    299    313    298    297    323    314    288    292    299    297
    254    294    272    280    254    261    276    281    252    275
    261    233    269    240    249    252    234    251    264    268
    265    245    273    248    263    250    258    237    270    243
    240    242    243    280    263    275    260    258    252    251
    273    273    246    269    272    257    241    231    289    261
    300    278    281    271    314    305    293    327    335    326
    276    329    332    354    373    367    333    341    383    362
    335    402    337    374    376    352    339    365    366    372
    308    332    317    322    359    356    330    342    321    309
    340    342    363    353    353    363    358    370    374    409
    422    474    424    454    453    490    466    461    457    472
    446    450    441    458    446    436    436    425    427    422
    390    417    372    392    397    368    388    394    374    384
    368    423    369    347    375    397    335    330    333    341
    359    330    377    330    363    320    358    317    315    301
    345    315    327    282    346    338    291    296    278    275
    278    288    305    260    260    224    263    271    243    250
    254    246    241    245    247    254    247    226    225    232
    245    239    245    239    246    235    235    264    250    230
    239    232    251    257    222    247    290    276    248    264
    260    254    269    286    279    267    235    285    259    242
    243    244    253    255    277    273    265    267    263    275
    269    282    264    277    277    276    287    285    291    296
    296    290    272    298    287    319    315    320    316    342
    356    327    332    316    340    349    366    347    372    405
    387    381    425    442    433    455    416    436    452    387
    376    418    425    452    426    462    438    411    420    440
    454    399    421    413    379    418    388    375    421    430
    420    387    402    411    428    432    406    362    421    447
    397    424    367    451    434    391    405    433    400    423
    430    438    448    411    441    424    452    408    413    418
    398    377    420    429    435    437    426    439    408    427
    424    438    402    415    425    418    391    393    376    410
    371    351    371    336    336    335    342    319    327    326
    352    330    329    331    328    291    331    335    322    316
    316    322    339    311    350    353    320    327    327    311
    341    288    307    322    321    324    307    314    299    324
    329    333    347    311    404    363    384    355    351    344
    326    347    331    344    369    388    380    359    367    343
    353    342    347    320    327    318    385    363    356    340
    313    386    387    364    387    360    391    404    393    382
    375    394    424    402    417    398    435    436    439    443
    459    443    427    466    477    480    457    466    489    466
    444    442    527    541    482    552    494    546    533    534
    547    593    551    551    549    499    596    579    519    562
    549    539    542    529    567    573    548    508    500    519
    553    540    552    549    536    552    572    513    511    514
    555    541    540    567    543    493    458    511    513    522
    496    491    529    507    455    508    470    516    483    499
    422    481    469    517    484    494    476    455    418    452
    444    410    486    455    436    423    423    415    411    438
    455    435    410    391    399    404    442    457    413    409
    453    460    500    496    477    490    479    458    512    546
    490    520    490    470    509    511    467    491    532    475
    451    540    504    526    550    534    509    528    452    502
    505    489    491    537    497    487    545    540    508    519
    515    552    531    503    534    468    444    438    456    484
    429    509    449    424    443    397    456    388    431    410
    395    446    412    398    396    429    445    437    429    464
    440    414    460    416    425    448    436    425    415    420
    395    367    371    357    373    409    400    346    384    409
    354    363    385    381    378    355    366    396    375    356
    389    383    352    363    317    326    361    342    347    308
    333    337    334    337    346    315    332    348    321    312
    317    320    295    343    297    317    325    260    290    266
    283    278    299    290    282    287    262    284    255    277
    276    301    264    251    241    265    233    243    231    258
    236    226    238    248    205    225    208    215    237    233
    221    208    225    204    234    237    215    221    218    212
    196    228    221    228    206    224    220    244    232    205
    209    201    225    226    197    207    206    221    203    198
    213    204    213    214    199    178    191    184    191    198
    202    223    205    227    207    203    210    206    198    215
    187    196    197    243    225    203    214    223    249    205
    252    208    216    246    245    237    239    230    240    226
    230    245    227    235    209    245    256    247    223    243
    269    249    253    231    229    234    234    244    224    228
    191    227    253    249    253    236    238    239    222    239
    252    211    241    239    222    228    248    249    222    214
    200    243    214    212    205    228    247    234    231    255
    217    209    273    221    228    233    251    264    239    198
    235    225    238    257    221    237    205    211    267    227
    204    198    208    238    203    227    234    217    228    208
    220    222    215    196    210    211    235    190    227    223
    244    224    217    260    216    233    229    256    246    245
    235    225    237    258    239    244    240    249    246    250
    250    234    264    221    272    276    280    288    288    256
    279    278    302    282    246    307    324    286    283    301
    301    351    323    329    319    339    371    326    325    361
    323    361    345    331    342    341    332    331    325    328
    332    349    325    338    313    311    316    301    324    320
    342    337    328    368    326    296    377    344    387    375
    351    378    365    386    392    358    389    365    353    374
    364    318    307    328    349    327    352    310    307    307
    337    337    357    381    309    348    345    370    349    295
    338    328    322    342    321    361    337    316    331    363
    345    297    317    320    337    362    340    296    351    293
    337    324    316    307    324    286    323    276    302    297
    294    296    296    276    261    326    280    263    280    244
    263    267    282    245    224    268    272    283    268    274
    287    308    300    292    283    284    299    289    280    273
    313    314    268    279    269    307    302    263    279    281
    286    323    281    273    292    318    284    313    305    306
    245    293    297    270    285    281    265    294    255    292
    279    285    311    292    276    270    280    292    251    294
    275    272    324    290    262    280    306    283    299    292
    272    277    265    266    263    266    271    241    262    281
    274    264    259    269    261    274    244    266    252    314
    283    293    276    264    295    286    271    329    325    293
    320    299    278    277    302    260    274    278    274    271
    283    267    283    266    274    311    287    266    250    283
    254    275    293    270    285    319    300    284    318    309
    302    330    345    325    309    356    356    363    334    374
    374    353    364    364    361    324    393    322    352    364
    313    307    330    320    305    325    361    341    314    342
    324    324    372    353    345    338    372    400    372    400
    409    391    369    365    405    380    400    422    409    396
    406    390    408    431    434    382    412    401    360    372
    370    348    381    338    317    342    388    322    325    319
    319    316    335    311    333    343    339    312    327    349
    315    348    320    303    302    343    353    367    316    343
    369    346    367    366    386    391    394    359    363    383
    382    342    379    407    387    394    415    357    375    337
    347    339    386    357    332    326    317    330    354    333
    344    318    341    321    346    339    322    334    378    325
    335    339    352    320    332    335    338    376    349    335
    350    341    315    346    360    298    314    303    309    327
    342    328    332    296    308    284    302    293    288    323
    274    307    282    289    313    308    312    332    333    314
    297    306    268    333    302    331    296    310    297    312
    300    315    328    328    274    291    286    314    305    299
    281    297    283    276    312    315    314    280    265    302
    277    304    311    303    281    306    288    281    265    295
    310    311    326    324    303    315    304    300    337    316
    285    260    302    296    296    311    291    316    292    310
    292    307    303    269    329    318    309    347    319    316
    328    325    321    319    323    288    319    321    351    344
    354    317    340    321    321    302    323    318    297    284
    311    311    268    288    311    293    306    312    278    234
    270    256    275    292    307    261    253    271    272    307
    272    289    279    309    251    270    260    269    258    300
    293    265    274    269    296    292    248    292    240    281
    265    242    248    295    276    256    290    332    301    290
    301    268    302    277    268    289    303    306    311    292
    260    290    279    289    245    277    292    268    248    275
    265    285    280    263    292    247    262    273    268    272
    290    286    284    305    283    290    282    255    296    268
    267    304    344    317    273    303    307    293    316    311
    298    318    340    335    321    341    345    326    301    339
    367    338    361    296    329    312    325    327    356    272
    299    290    315    300    269    333    273    292    260    278
    269    278    260    267    272    279    286    276    265    273
    281    231    289    294    274    309    266    286    284    251
    266    268    287    263    267    300    266    277    245    293
    242    267    249    293    274    261    257    271    238    296
    259    233    269    275    241    253
